0.394653958 6.037766477771983 1.6493156710738746
0.789307916 5.2902348958982754 0.9017840892001673
1.183961874 4.917557359707289 0.5291065530091814
1.578615832 4.735534588916023 0.3470837822179143
1.9732697900000002 4.631263658827245 0.2428128521291357
2.367923748 4.566054234179078 0.17760342748096913
2.762577706 4.522332959697559 0.13388215299945086
3.157231664 4.491726443547314 0.1032756368492052
3.5518856220000004 4.469506754361712 0.08105594766360298
3.9465395800000005 4.452972070602349 0.06452126390424014
4.341193538000001 4.440394262559004 0.05194345586089638
4.735847496 4.430673530927419 0.04222272422930995
5.130501454 4.4230494848696305 0.034598678171521804
5.525155412 4.417003370427661 0.028552563729552883
5.91980937 4.412157352973819 0.023706546275710505
6.314463328 4.40824109513441 0.019790288436301318
6.709117286000001 4.405050329734809 0.01659952303670071
7.103771244000001 4.402433831647629 0.013983024949520277
7.498425202000001 4.400274195454515 0.011823388756407488
7.893079160000001 4.398482264620341 0.010031457922232874
8.287733118 4.396987363030167 0.008536556332059374
8.682387076000001 4.395734757635433 0.007283950937324833
9.077041034 4.394680331304207 0.00622952460609897
9.471694992 4.393789382260104 0.005338575561996198
9.86634895 4.393033551102313 0.004582744404204447
10.261002908 4.392390245272762 0.003939438574653702
10.655656866000001 4.391840783235506 0.0033899765373972958
11.050310824 4.391370123593737 0.0029193168956283266
11.444964782000001 4.390965700538026 0.002514893839918215
11.83961874 4.390617305284334 0.0021664985862248835
12.234272698000002 4.390316330956556 0.0018655242584476176
12.628926656 4.3900557308572665 0.0016049241591585895
13.023580614 4.389829514650472 0.0013787079523631949
13.418234572000001 4.389632744928644 0.0011819382305360698
13.81288853 4.3894611924516935 0.0010103857535853978
14.207542488000001 4.38931135097787 8.605442797619821e-4
14.602196446 4.389180195931224 7.293892331158847e-4
14.996850404000002 4.389065207008777 6.144003106686377e-4
15.391504362000001 4.388964195741612 5.133890435028708e-4
15.786158320000002 4.388875330434098 4.2452373598921006e-4
16.180812278 4.388797010621261 3.462039231526964e-4
16.575466236 4.388727891591015 2.7708489290598903e-4
16.970120194 4.38866679140083 2.159847027217304e-4
17.364774152000003 4.388612713686204 1.6190698809512985e-4
17.75942811 4.388564777700465 1.1397100235614742e-4
18.154082068 4.388522238888372 7.143219026440466e-5
18.548736026 4.388484435474947 3.3628776838733054e-5
18.943389984 4.388450806698108 0.0
